{
 "espireDate": "N",
 "format": "text",
 "jSonReasons": [
  "re_sql",
  "lg_en",
  "kw_attack",
  "re_ast1"
 ],
 "key": "0dWuhApq",
 "pasteDate": "Feb 18, 2018, 11:49:22 AM",
 "relevancy": 9.0,
 "relevant": false,
 "text": "--[[Nocturna_A._Alteriano_Night.Owl.Inc]]-- (Edit by kiukiubol & lilh3)\nwait(1 / 60)\np = game.Players.LocalPlayer\nchar = p.Character\ntorso = char.Torso\nneck = char.Torso.Neck\nhum = char.Humanoid\nhum.MaxHealth = 75000\nwait()\nhum.Health =hum.MaxHealth\nchar.Head.face.Texture = \"rbxassetid://405587215\"\n\nfunction startup()\n  coroutine.resume(coroutine.create(function()\n    local m = Instance.new(\"Model\", char)\n    m.Name = \"* C\"\n    local chat = Instance.new(\"Part\", m)\n    chat.TopSurface = \"Smooth\"\n    chat.BottomSurface = \"Smooth\"\n    chat.Name = \"Head\"\n    chat.FormFactor = \"Custom\"\n    chat.Size = Vector3.new(0.05, 0.05, 0.1)\n    chat.Transparency = 0.9\n    chat.CanCollide = false\n    local Weld7 = Instance.new(\"Weld\", char)\n    Weld7.Part0 = char.Head\n    Weld7.Part1 = chat\n    Weld7.C1 = CFrame.new(0, -2, 0) * CFrame.fromEulerAnglesXYZ(0, 0, 0)\n    local cy7 = Instance.new(\"BlockMesh\", chat)\n    local h = Instance.new(\"Humanoid\", m)\n    h.MaxHealth = 0\n    m.Name = \"Star Platinum\"\n  end))\nend\n\nz = Instance.new(\"Sound\", torso)\nz.SoundId = \"rbxassetid://264396581\" -- Put Music ID Here.\nz.Looped = true\nz.Volume = 1\nwait(.1)\nz:Play()\n\nchar[\"Body Colors\"].HeadColor = BrickColor.new(\"Pastel Blue\")\nchar[\"Body Colors\"].TorsoColor = BrickColor.new(\"Pastel Blue\")\nchar[\"Body Colors\"].LeftArmColor = BrickColor.new(\"Pastel Blue\")\nchar[\"Body Colors\"].RightArmColor = BrickColor.new(\"Pastel Blue\")\nchar[\"Body Colors\"].LeftLegColor = BrickColor.new(\"Pastel Blue\")\nchar[\"Body Colors\"].RightLegColor = BrickColor.new(\"Pastel Blue\")\n\nshirt = Instance.new(\"Shirt\", char)\nshirt.Name = \"Shirt\"\npants = Instance.new(\"Pants\", char)\npants.Name = \"Pants\"\nchar.Shirt.ShirtTemplate = \"rbxassetid://496506720\"\nchar.Pants.PantsTemplate = \"rbxassetid://496512137\"\n\nHat = Instance.new(\"Model\")\nHat.Parent = char\nHat.Name = \"Hat\"\nrh = Instance.new(\"Part\")\nrh.Parent = Hat\nrh.BrickColor = BrickColor.new(\"Really black\")\nrh.Locked = true\nrh.CanCollide = false\nmesh = Instance.new(\"SpecialMesh\")\nrh.formFactor =  \"Symmetric\"\nmesh.MeshType = \"FileMesh\"\nmesh.MeshId = \"rbxassetid://439736904\"\nmesh.Parent = rh\nlocal weld = Instance.new(\"Weld\")\nweld.Parent = rh\nweld.Part0 = rh\nweld.Part1 =char.Head\nweld.C0 = CFrame.new(0, -0.5, 0.5)*CFrame.Angles(0, 3, 0)\nmesh.Scale = Vector3.new(0.002,0.002, 0.002)\n\nEffects = { }\nlocal Player = game.Players.localPlayer\nlocal Character = Player.Character\nlocal Humanoid = Character.Humanoid\nHumanoid.WalkSpeed = 20\nlocal Mouse = Player:GetMouse()\nlocal LeftArm = Character[\"Left Arm\"]\nlocal RightArm = Character[\"Right Arm\"]\nlocal LeftLeg = Character[\"Left Leg\"]\nlocal RightLeg = Character[\"Right Leg\"]\nlocal Head = Character.Head\nlocal Torso = Character.Torso\nlocal Camera = game.Workspace.CurrentCamera\nlocal RootPart = Character.HumanoidRootPart\nlocal RootJoint = RootPart.RootJoint\nlocal attack = false\nlocal Anim = 'Idle'\nlocal attacktype = 1\nlocal Torsovelocity = (RootPart.Velocity * Vector3.new(1, 0, 1)).magnitude \nlocal velocity = RootPart.Velocity.y\nlocal sine = 0\nlocal change = 1\nlocal Create = LoadLibrary(\"RbxUtility\").Create\nlocal TimeStop = false\n\nlocal m = Create(\"Model\"){\n\tParent = Character,\n\tName = \"WeaponModel\",\n}\n\nHumanoid.Animator.Parent = nil\nCharacter.Animate.Parent = nil\n\nlocal newMotor = function(part0, part1, c0, c1)\n\tlocal w = Create('Motor'){\n\t\tParent = part0,\n\t\tPart0 = part0,\n\t\tPart1 = part1,\n\t\tC0 = c0,\n\t\tC1 = c1,\n\t}\n\treturn w\nend\n\nfunction clerp(a, b, t)\n\treturn a:lerp(b, t)\nend\n\nRootCF = CFrame.fromEulerAnglesXYZ(-1.57, 0, 3.14)\nNeckCF = CFrame.new(0, 1, 0, -1, -0, -0, 0, 0, 1, 0, 1, 0)\n\nlocal RW = newMotor(Torso, RightArm, CFrame.new(1.5, 0, 0), CFrame.new(0, 0, 0)) \nlocal LW = newMotor(Torso, LeftArm, CFrame.new(-1.5, 0, 0), CFrame.new(0, 0, 0))\nlocal RH = newMotor(Torso, RightLeg, CFrame.new(.5, -2, 0), CFrame.new(0, 0, 0))\nlocal LH = newMotor(Torso, LeftLeg, CFrame.new(-.5, -2, 0), CFrame.new(0, 0, 0))\nRootJoint.C1 = CFrame.new(0, 0, 0)\nRootJoint.C0 = CFrame.new(0, 0, 0)\nTorso.Neck.C1 = CFrame.new(0, 0, 0)\nTorso.Neck.C0 = CFrame.new(0, 1.5, 0)\n\nlocal rarmc1 = RW.C1\nlocal larmc1 = LW.C1\nlocal rlegc1 = RH.C1\nlocal llegc1 = LH.C1\n\nlocal resetc1 = false\n\nfunction PlayAnimationFromTable(table, speed, bool)\n\tRootJoint.C0 = clerp(RootJoint.C0, table[1], speed) \n\tTorso.Neck.C0 = clerp(Torso.Neck.C0, table[2], speed) \n\tRW.C0 = clerp(RW.C0, table[3], speed) \n\tLW.C0 = clerp(LW.C0, table[4], speed) \n\tRH.C0 = clerp(RH.C0, table[5], speed) \n\tLH.C0 = clerp(LH.C0, table[6], speed) \n\tif bool == true then\n\t\tif resetc1 == false then\n\t\t\tresetc1 = true\n\t\t\tRootJoint.C1 = RootJoint.C1\n\t\t\tTorso.Neck.C1 = Torso.Neck.C1\n\t\t\tRW.C1 = rarmc1\n\t\t\tLW.C1 = larmc1\n\t\t\tRH.C1 = rlegc1\n\t\t\tLH.C1 = llegc1\n\t\tend\n\tend\nend\n\nArtificialHB = Create(\"BindableEvent\", script){\n\tParent = script,\n\tName = \"Heartbeat\",\n}\n\nscript:WaitForChild(\"Heartbeat\")\n\nframe = 1 / 35\ntf = 0\nallowframeloss = false\ntossremainder = false\nlastframe = tick()\nscript.Heartbeat:Fire()\n\ngame:GetService(\"RunService\").Heartbeat:connect(function(s, p)\n\ttf = tf + s\n\tif tf >= frame then\n\t\tif allowframeloss then\n\t\t\tscript.Heartbeat:Fire()\n\t\t\tlastframe = tick()\n\t\telse\n\t\t\tfor i = 1, math.floor(tf / frame) do\n\t\t\t\tscript.Heartbeat:Fire()\n\t\t\tend\n\t\t\tlastframe = tick()\n\t\tend\n\t\tif tossremainder then\n\t\t\ttf = 0\n\t\telse\n\t\t\ttf = tf - frame * math.floor(tf / frame)\n\t\tend\n\tend\nend)\n\nfunction swait(num)\n\tif num == 0 or num == nil then\n\t\tArtificialHB.Event:wait()\n\telse\n\t\tfor i = 0, num do\n\t\t\tArtificialHB.Event:wait()\n\t\tend\n\tend\nend\n\nfunction RemoveOutlines(part)\n\tpart.TopSurface, part.BottomSurface, part.LeftSurface, part.RightSurface, part.FrontSurface, part.BackSurface = 10, 10, 10, 10, 10, 10\nend\n\t\nCFuncs = {\t\n\tPart = {\n\t\tCreate = function(Parent, Material, Reflectance, Transparency, BColor, Name, Size)\n\t\t\tlocal Part = Create(\"Part\"){\n\t\t\t\tParent = Parent,\n\t\t\t\tReflectance = Reflectance,\n\t\t\t\tTransparency = Transparency,\n\t\t\t\tCanCollide = false,\n\t\t\t\tLocked = true,\n\t\t\t\tBrickColor = BrickColor.new(tostring(BColor)),\n\t\t\t\tName = Name,\n\t\t\t\tSize = Size,\n\t\t\t\tMaterial = Material,\n\t\t\t}\n\t\t\tRemoveOutlines(Part)\n\t\t\treturn Part\n\t\tend;\n\t};\n\t\n\tMesh = {\n\t\tCreate = function(Mesh, Part, MeshType, MeshId, OffSet, Scale)\n\t\t\tlocal Msh = Create(Mesh){\n\t\t\t\tParent = Part,\n\t\t\t\tOffset = OffSet,\n\t\t\t\tScale = Scale,\n\t\t\t}\n\t\t\tif Mesh == \"SpecialMesh\" then\n\t\t\t\tMsh.MeshType = MeshType\n\t\t\t\tMsh.MeshId = MeshId\n\t\t\tend\n\t\t\treturn Msh\n\t\tend;\n\t};\n\n\tWeld = {\n\t\tCreate = function(Parent, Part0, Part1, C0, C1)\n\t\t\tlocal Weld = Create(\"Weld\"){\n\t\t\t\tParent = Parent,\n\t\t\t\tPart0 = Part0,\n\t\t\t\tPart1 = Part1,\n\t\t\t\tC0 = C0,\n\t\t\t\tC1 = C1,\n\t\t\t}\n\t\t\treturn Weld\n\t\tend;\n\t};\n\n\tSound = {\n\t\tCreate = function(id, par, vol, pit) \n\t\t\tlocal Sound = Create(\"Sound\"){\n\t\t\t\tVolume = vol,\n\t\t\t\tPitch = pit or 1,\n\t\t\t\tSoundId = \"rbxassetid://\" .. id,\n\t\t\t\tParent = par or workspace,\n\t\t\t}\n\t\t\tSound:play() \n\t\t\treturn Sound\n\t\tend;\n\t};\n\t\n\tDecal = {\n\t\tCreate = function(Color, Texture, Transparency, Name, Parent)\n\t\t\tlocal Decal = Create(\"Decal\"){\n\t\t\t\tColor3 = Color,\n\t\t\t\tTexture = \"rbxassetid://\" .. Texture,\n\t\t\t\tTransparency = Transparency,\n\t\t\t\tName = Name,\n\t\t\t\tParent = Parent,\n\t\t\t}\n\t\t\treturn Decal\n\t\tend;\n\t};\n\t\n\tBillboardGui = {\n\t\tCreate = function(Parent, Image, Position, Size)\n\t\t\tlocal BillPar = CFuncs.Part.Create(Parent, \"SmoothPlastic\", 0, 1, BrickColor.new(\"Black\"), \"BillboardGuiPart\", Vector3.new(1, 1, 1))\n\t\t\tBillPar.CFrame = CFrame.new(Position)\n\t\t\tlocal Bill = Create(\"BillboardGui\"){\n\t\t\t\tParent = BillPar,\n\t\t\t\tAdornee = BillPar,\n\t\t\t\tSize = UDim2.new(1, 0, 1, 0),\n\t\t\t\tSizeOffset = Vector2.new(Size, Size),\n\t\t\t}\n\t\t\tlocal d = Create(\"ImageLabel\", Bill){\n\t\t\t\tParent = Bill,\n\t\t\t\tBackgroundTransparency = 1,\n\t\t\t\tSize = UDim2.new(1, 0, 1, 0),\n\t\t\t\tImage = \"rbxassetid://\" .. Image,\n\t\t\t}\n\t\t\treturn BillPar\n\t\tend\n\t};\n\t\n\tParticleEmitter = {\n\t\tCreate = function(Parent, Color1, Color2, LightEmission, Size, Texture, Transparency, ZOffset, Accel, Drag, LockedToPart, VelocityInheritance, EmissionDirection, Enabled, LifeTime, Rate, Rotation, RotSpeed, Speed, VelocitySpread)\n\t\t\tlocal Particle = Create(\"ParticleEmitter\"){\n\t\t\t\tParent = Parent,\n\t\t\t\tColor = ColorSequence.new(Color1, Color2),\n\t\t\t\tLightEmission = LightEmission,\n\t\t\t\tSize = Size,\n\t\t\t\tTexture = Texture,\n\t\t\t\tTransparency = Transparency,\n\t\t\t\tZOffset = ZOffset,\n\t\t\t\tAcceleration = Accel,\n\t\t\t\tDrag = Drag,\n\t\t\t\tLockedToPart = LockedToPart,\n\t\t\t\tVelocityInheritance = VelocityInheritance,\n\t\t\t\tEmissionDirection = EmissionDirection,\n\t\t\t\tEnabled = Enabled,\n\t\t\t\tLifetime = LifeTime,\n\t\t\t\tRate = Rate,\n\t\t\t\tRotation = Rotation,\n\t\t\t\tRotSpeed = RotSpeed,\n\t\t\t\tSpeed = Speed,\n\t\t\t\tVelocitySpread = VelocitySpread,\n\t\t\t}\n\t\t\treturn Particle\n\t\tend;\n\t};\n\t\n\tCreateTemplate = {\n\t\t\n\t};\n}\n\nfunction rayCast(Position, Direction, Range, Ignore)\n\treturn game:service(\"Workspace\"):FindPartOnRay(Ray.new(Position, Direction.unit * (Range or 999.999)), Ignore) \nend \n\nfunction FindNearestTorso(Position, Distance, SinglePlayer)\n\tif SinglePlayer then\n\t\treturn (SinglePlayer.Torso.CFrame.p - Position).magnitude < Distance\n\tend\n\tlocal List = {}\n\tfor i, v in pairs(workspace:GetChildren()) do\n\t\tif v:IsA(\"Model\") then\n\t\t\tif v:findFirstChild(\"Torso\") then\n\t\t\t\tif v ~= Character then\n\t\t\t\t\tif (v.Torso.Position - Position).magnitude <= Distance then\n\t\t\t\t\t\ttable.insert(List, v)\n\t\t\t\t\tend \n\t\t\t\tend \n\t\t\tend \n\t\tend \n\tend\n\treturn List\nend\n\nfunction Damage(Part, hit, minim, maxim, knockback, Type, Property, Delay, HitSound, HitPitch)\n\tif hit.Parent == nil then\n\t\treturn\n\tend\n\tlocal h = hit.Parent:FindFirstChild(\"Humanoid\")\n\tfor _, v in pairs(hit.Parent:children()) do\n\t\tif v:IsA(\"Humanoid\") then\n\t\t\th = v\n\t\tend\n\tend\n\tif h ~= nil and hit.Parent.Name ~= Character.Name and hit.Parent:FindFirstChild(\"Torso\") ~= nil then\n\t\tif hit.Parent:findFirstChild(\"DebounceHit\") ~= nil then\n\t\t\tif hit.Parent.DebounceHit.Value == true then\n\t\t\t\treturn\n\t\t\tend\n\t\tend\n\t\tlocal c = Create(\"ObjectValue\"){\n\t\t\tName = \"creator\",\n\t\t\tValue = game:service(\"Players\").LocalPlayer,\n\t\t\tParent = h,\n\t\t}\n\t\tgame:GetService(\"Debris\"):AddItem(c, .5)\n\t\tCFuncs.Sound.Create(HitSound, hit, 1, HitPitch) \n\t\tlocal Damage = math.random(minim, maxim)\n\t\tlocal blocked = false\n\t\tlocal block = hit.Parent:findFirstChild(\"Block\")\n\t\tif block ~= nil then\n\t\t\tif block.className == \"IntValue\" then\n\t\t\t\tif block.Value > 0 then\n\t\t\t\t\tblocked = true\n\t\t\t\t\tblock.Value = block.Value - 1\n\t\t\t\t\tprint(block.Value)\n\t\t\t\tend\n\t\t\tend\n\t\tend\n\t\tif TimeStop == false then\n\t\t\th.Health = h.Health - Damage\n\t\t\tShowDamage((Part.CFrame * CFrame.new(0, 0, (Part.Size.Z / 2)).p + Vector3.new(0, 1.5, 0)), -Damage, 1.5, BrickColor.new(\"Deep blue\").Color)\n\t\telseif TimeStop == true then\n\t\t\trepeat wait() until TimeStop == false\n\t\t\th.Health = h.Health - (Damage / 2)\n\t\t\tShowDamage((Part.CFrame * CFrame.new(0, 0, (Part.Size.Z / 2)).p + Vector3.new(0, 1.5, 0)), -Damage, 1.5, BrickColor.new(\"Deep blue\").Color)\n\t\tend\n\t\tif Type == \"Knockdown\" then\n\t\t\tlocal hum = hit.Parent.Humanoid\n\t\t\thum.PlatformStand = true\n\t\t\tcoroutine.resume(coroutine.create(function(HHumanoid)\n\t\t\t\tswait(1)\n\t\t\t\tHHumanoid.PlatformStand = false\n\t\t\tend), hum)\n\t\t\tlocal angle = (hit.Position - (Property.Position + Vector3.new(0, 0, 0))).unit\n\t\t\tlocal bodvol = Create(\"BodyVelocity\"){\n\t\t\t\tvelocity = angle * knockback,\n\t\t\t\tP = 5000,\n\t\t\t\tmaxForce = Vector3.new(8e+003, 8e+003, 8e+003),\n\t\t\t\tParent = hit,\n\t\t\t}\n\t\t\tlocal rl = Create(\"BodyAngularVelocity\"){\n\t\t\t\tP = 3000,\n\t\t\t\tmaxTorque = Vector3.new(500000, 500000, 500000) * 50000000000000,\n\t\t\t\tangularvelocity = Vector3.new(math.random(-10, 10), math.random(-10, 10), math.random(-10, 10)),\n\t\t\t\tParent = hit,\n\t\t\t}\n\t\t\tgame:GetService(\"Debris\"):AddItem(bodvol, .5)\n\t\t\tgame:GetService(\"Debris\"):AddItem(rl, .5)\n\t\telseif Type == \"Normal\" then\n\t\t\tlocal vp = Create(\"BodyVelocity\"){\n\t\t\t\tP = 500,\n\t\t\t\tmaxForce = Vector3.new(math.huge, 0, math.huge),\n\t\t\t\tvelocity = Property.CFrame.lookVector * knockback + Property.Velocity / 1.05,\n\t\t\t}\n\t\t\tif knockback > 0 then\n\t\t\t\tvp.Parent = hit.Parent.Torso\n\t\t\tend\n\t\t\tgame:GetService(\"Debris\"):AddItem(vp, .5)\n\t\telseif Type == \"Up\" then\n\t\t\tlocal bodyVelocity = Create(\"BodyVelocity\"){\n\t\t\t\tvelocity = Vector3.new(0, 20, 0),\n\t\t\t\tP = 5000,\n\t\t\t\tmaxForce = Vector3.new(8e+003, 8e+003, 8e+003),\n\t\t\t\tParent = hit,\n\t\t\t}\n\t\t\tgame:GetService(\"Debris\"):AddItem(bodyVelocity, .5)\n\t\telseif Type == \"DarkUp\" then\n\t\t\tcoroutine.resume(coroutine.create(function()\n\t\t\t\tfor i = 0, 1, 0.1 do\n\t\t\t\t\tswait()\n\t\t\t\t\tEffects.Block.Create(BrickColor.new(\"Black\"), hit.Parent.Torso.CFrame, 5, 5, 5, 1, 1, 1, .08, 1)\n\t\t\t\tend\n\t\t\tend))\n\t\t\tlocal bodyVelocity = Create(\"BodyVelocity\"){\n\t\t\t\tvelocity = Vector3.new(0, 20, 0),\n\t\t\t\tP = 5000,\n\t\t\t\tmaxForce = Vector3.new(8e+003, 8e+003, 8e+003),\n\t\t\t\tParent = hit,\n\t\t\t}\n\t\t\tgame:GetService(\"Debris\"):AddItem(bodyVelocity, 1)\n\t\telseif Type == \"Snare\" then\n\t\t\tlocal bp = Create(\"BodyPosition\"){\n\t\t\t\tP = 2000,\n\t\t\t\tD = 100,\n\t\t\t\tmaxForce = Vector3.new(math.huge, math.huge, math.huge),\n\t\t\t\tposition = hit.Parent.Torso.Position,\n\t\t\t\tParent = hit.Parent.Torso,\n\t\t\t}\n\t\t\tgame:GetService(\"Debris\"):AddItem(bp, 1)\n\t\telseif Type == \"Freeze\" then\n\t\t\tlocal BodPos = Create(\"BodyPosition\"){\n\t\t\t\tP = 50000,\n\t\t\t\tD = 1000,\n\t\t\t\tmaxForce = Vector3.new(math.huge, math.huge, math.huge),\n\t\t\t\tposition = hit.Parent.Torso.Position,\n\t\t\t\tParent = hit.Parent.Torso,\n\t\t\t}\n\t\t\tlocal BodGy = Create(\"BodyGyro\") {\n\t\t\t\tmaxTorque = Vector3.new(4e+005, 4e+005, 4e+005) * math.huge ,\n\t\t\t\tP = 20e+003,\n\t\t\t\tParent = hit.Parent.Torso,\n\t\t\t\tcframe = hit.Parent.Torso.CFrame,\n\t\t\t}\n\t\t\thit.Parent.Torso.Anchored = true\n\t\t\tcoroutine.resume(coroutine.create(function(Part) \n\t\t\t\tswait(1.5)\n\t\t\t\tPart.Anchored = false\n\t\t\tend), hit.Parent.Torso)\n\t\t\tgame:GetService(\"Debris\"):AddItem(BodPos, 3)\n\t\t\tgame:GetService(\"Debris\"):AddItem(BodGy, 3)\n\t\tend\n\t\tlocal debounce = Create(\"BoolValue\"){\n\t\t\tName = \"DebounceHit\",\n\t\t\tParent = hit.Parent,\n\t\t\tValue = true,\n\t\t}\n\t\tgame:GetService(\"Debris\"):AddItem(debounce, Delay)\n\t\tc = Create(\"ObjectValue\"){\n\t\t\tName = \"creator\",\n\t\t\tValue = Player,\n\t\t\tParent = h,\n\t\t}\n\t\tgame:GetService(\"Debris\"):AddItem(c, .5)\n\tend\nend\n\nfunction ShowDamage(Pos, Text, Time, Color)\n\tlocal Rate = (1 / 30)\n\tlocal Pos = (Pos or Vector3.new(0, 0, 0))\n\tlocal Text = (Text or \"\")\n\tlocal Time = (Time or 2)\n\tlocal Color = (Color or Color3.new(1, 0, 1))\n\tlocal EffectPart = CFuncs.Part.Create(workspace, \"SmoothPlastic\", 0, 1, BrickColor.new(Color), \"Effect\", Vector3.new(0, 0, 0))\n\tEffectPart.Anchored = true\n\tlocal BillboardGui = Create(\"BillboardGui\"){\n\t\tSize = UDim2.new(3, 0, 3, 0),\n\t\tAdornee = EffectPart,\n\t\tParent = EffectPart,\n\t}\n\tlocal TextLabel = Create(\"TextLabel\"){\n\t\tBackgroundTransparency = 1,\n\t\tSize = UDim2.new(1, 0, 1, 0),\n\t\tText = Text,\n\t\tFont = \"SciFi\",\n\t\tTextColor3 = Color,\n\t\tTextScaled = true,\n\t\tParent = BillboardGui,\n\t}\n\tgame.Debris:AddItem(EffectPart, (Time))\n\tEffectPart.Parent = game:GetService(\"Workspace\")\n\tdelay(0, function()\n\t\tlocal Frames = (Time / Rate)\n\t\tfor Frame = 1, Frames do\n\t\t\twait(Rate)\n\t\t\tlocal Percent = (Frame / Frames)\n\t\t\tEffectPart.CFrame = CFrame.new(Pos) + Vector3.new(0, Percent, 0)\n\t\t\tTextLabel.TextTransparency = Percent\n\t\tend\n\t\tif EffectPart and EffectPart.Parent then\n\t\t\tEffectPart:Destroy()\n\t\tend\n\tend)\nend\n\nfunction MagnitudeDamage(Part, Magnitude, MinimumDamage, MaximumDamage, KnockBack, Type, HitSound, HitPitch)\n\tfor _, c in pairs(workspace:children()) do\n\t\tlocal hum = c:findFirstChild(\"Humanoid\")\n\t\tif hum ~= nil then\n\t\t\tlocal head = c:findFirstChild(\"Torso\")\n\t\t\tif head ~= nil then\n\t\t\t\tlocal targ = head.Position - Part.Position\n\t\t\t\tlocal mag = targ.magnitude\n\t\t\t\tif mag <= Magnitude and c.Name ~= Player.Name then \n\t\t\tfor i = 1, 10 do\n\t\t\t\tEffects.Elect.Create(head.CFrame, 10, 10, 10)\n\t\t\tend\n\t\t\tCFuncs.Sound.Create(\"0\", head, 1, 1)\n\t\t\tEffects.Sphere.Create(BrickColor.new(\"Deep blue\"), head.CFrame, .5, .5, .5, .5, .5, .5, .05)\n\t\t\t\t\tDamage(head, head, MinimumDamage, MaximumDamage, KnockBack, Type, RootPart, .1, HitSound, HitPitch)\n\t\t\t\tend\n\t\t\tend\n\t\tend\n\tend\nend\n\nHandleR = CFuncs.Part.Create(m, Enum.Material.SmoothPlastic, 0, 1, \"Deep blue\", \"HandleR\", Vector3.new(0.403949469, 0.452220112, 0.425030977))\nHandleRWeld = CFuncs.Weld.Create(m, Character[\"Right Arm\"], HandleR, CFrame.new(0, 0, 0, 1, 0, 0, 0, 1, 0, 0, 0, 1), CFrame.new(-0.637853563, -0.00997161865, 0.00182324648, 0, -1, 0, 1, 0, 0, 0, -0, 1))\nHitboxR = CFuncs.Part.Create(m, Enum.Material.SmoothPlastic, 0, 1, \"Deep blue\", \"HitboxR\", Vector3.new(1.00394952, 1.05222011, 1.02503109))\nHitboxRWeld = CFuncs.Weld.Create(m, HandleR, HitboxR, CFrame.new(0, 0, 0, 1, 0, 0, 0, 1, 0, 0, 0, 1), CFrame.new(0.0999999642, 0, 5.96046448e-008, 1, 0, 0, 0, 1, 0, 0, 0, 1))\nHandleL = CFuncs.Part.Create(m, Enum.Material.SmoothPlastic, 0, 1, \"Deep blue\", \"HandleL\", Vector3.new(0.403949469, 0.452220112, 0.425030977))\nHandleLWeld = CFuncs.Weld.Create(m, Character[\"Left Arm\"], HandleL, CFrame.new(0, 0, 0, 1, 0, 0, 0, 1, 0, 0, 0, 1), CFrame.new(-0.637853563, -0.00997924805, 0.00182324648, 0, -1, 0, 1, 0, 0, 0, -0, 1))\nHitboxL = CFuncs.Part.Create(m, Enum.Material.SmoothPlastic, 0, 1, \"Deep blue\", \"HitboxL\", Vector3.new(1.00394952, 1.05222011, 1.02503109))\nHitboxLWeld = CFuncs.Weld.Create(m, HandleL, HitboxL, CFrame.new(0, 0, 0, 1, 0, 0, 0, 1, 0, 0, 0, 1), CFrame.new(0.0999999642, 3.81469727e-006, 5.96046448e-008, 1, 0, 0, 0, 1, 0, 0, 0, 1))\nsref = CFuncs.Part.Create(Character, \"Neon\", 0, 1, BrickColor.new(\"Black\"), \"Reference\", Vector3.new())\nsref.Anchored = true\n\nEffectModel = Create(\"Model\"){\n\tParent = Character,\n\tName = \"Effects\",\n}\n\nEffects = {\n\tBlock = {\n\t\tCreate = function(brickcolor, cframe, x1, y1, z1, x3, y3, z3, delay, Type)\n\t\t\tlocal prt = CFuncs.Part.Create(EffectModel, \"Neon\", 0, 0, brickcolor, \"Effect\", Vector3.new())\n\t\t\tprt.Anchored = true\n\t\t\tprt.CFrame = cframe\n\t\t\tlocal msh = CFuncs.Mesh.Create(\"BlockMesh\", prt, \"\", \"\", Vector3.new(0, 0, 0), Vector3.new(x1, y1, z1))\n\t\t\tgame:GetService(\"Debris\"):AddItem(prt, 10)\n\t\t\tif Type == 1 or Type == nil then\n\t\t\t\ttable.insert(Effects, {\n\t\t\t\t\tprt,\n\t\t\t\t\t\"Block1\",\n\t\t\t\t\tdelay,\n\t\t\t\t\tx3,\n\t\t\t\t\ty3,\n\t\t\t\t\tz3,\n\t\t\t\t\tmsh\n\t\t\t\t})\n\t\t\telseif Type == 2 then\n\t\t\t\ttable.insert(Effects, {\n\t\t\t\t\tprt,\n\t\t\t\t\t\"Block2\",\n\t\t\t\t\tdelay,\n\t\t\t\t\tx3,\n\t\t\t\t\ty3,\n\t\t\t\t\tz3,\n\t\t\t\t\tmsh\n\t\t\t\t})\n\t\t\tend\n\t\tend;\n\t};\n\t\n\tCylinder = {\n\t\tCreate = function(brickcolor, cframe, x1, y1, z1, x3, y3, z3, delay)\n\t\t\tlocal prt = CFuncs.Part.Create(EffectModel, \"Neon\", 0, 0, brickcolor, \"Effect\", Vector3.new(0.2, 0.2, 0.2))\n\t\t\tprt.Anchored = true\n\t\t\tprt.CFrame = cframe\n\t\t\tlocal msh = CFuncs.Mesh.Create(\"CylinderMesh\", prt, \"\", \"\", Vector3.new(0, 0, 0), Vector3.new(x1, y1, z1))\n\t\t\tgame:GetService(\"Debris\"):AddItem(prt, 2)\n\t\t\ttable.insert(Effects, {\n\t\t\t\tprt,\n\t\t\t\t\"Cylinder\",\n\t\t\t\tdelay,\n\t\t\t\tx3,\n\t\t\t\ty3,\n\t\t\t\tz3,\n\t\t\t\tmsh\n\t\t\t})\n\t\tend;\n\t};\n\t\n\tHead = {\n\t\tCreate = function(brickcolor, cframe, x1, y1, z1, x3, y3, z3, delay)\n\t\t\tlocal prt = CFuncs.Part.Create(EffectModel, \"Neon\", 0, 0, brickcolor, \"Effect\", Vector3.new())\n\t\t\tprt.Anchored = true\n\t\t\tprt.CFrame = cframe\n\t\t\tlocal msh = CFuncs.Mesh.Create(\"SpecialMesh\", prt, \"Head\", \"\", Vector3.new(0, 0, 0), Vector3.new(x1, y1, z1))\n\t\t\tgame:GetService(\"Debris\"):AddItem(prt, 10)\n\t\t\ttable.insert(Effects, {\n\t\t\t\tprt,\n\t\t\t\t\"Cylinder\",\n\t\t\t\tdelay,\n\t\t\t\tx3,\n\t\t\t\ty3,\n\t\t\t\tz3,\n\t\t\t\tmsh\n\t\t\t})\n\t\tend;\n\t};\n\t\n\tSphere = {\n\t\tCreate = function(brickcolor, cframe, x1, y1, z1, x3, y3, z3, delay)\n\t\t\tlocal prt = CFuncs.Part.Create(EffectModel, \"Neon\", 0, 0, brickcolor, \"Effect\", Vector3.new())\n\t\t\tprt.Anchored = true\n\t\t\tprt.CFrame = cframe\n\t\t\tlocal msh = CFuncs.Mesh.Create(\"SpecialMesh\", prt, \"Sphere\", \"\", Vector3.new(0, 0, 0), Vector3.new(x1, y1, z1))\n\t\t\tgame:GetService(\"Debris\"):AddItem(prt, 10)\n\t\t\ttable.insert(Effects, {\n\t\t\t\tprt,\n\t\t\t\t\"Cylinder\",\n\t\t\t\tdelay,\n\t\t\t\tx3,\n\t\t\t\ty3,\n\t\t\t\tz3,\n\t\t\t\tmsh\n\t\t\t})\n\t\tend;\n\t};\n\t\n\tElect = {\n\t\tCreate = function(cff, x, y, z)\n\t\t\tlocal prt = CFuncs.Part.Create(EffectModel, \"Neon\", 0, 0, BrickColor.new(\"Deep blue\"), \"Part\", Vector3.new(1, 1, 1))\n\t\t\tprt.Anchored = true\n\t\t\tprt.CFrame = cff * CFrame.new(math.random(-x, x), math.random(-y, y), math.random(-z, z))\n\t\t\tprt.CFrame = CFrame.new(prt.Position)\n\t\t\tgame:GetService(\"Debris\"):AddItem(prt, 2)\n\t\t\tlocal xval = math.random() / 2\n\t\t\tlocal yval = math.random() / 2\n\t\t\tlocal zval = math.random() / 2\n\t\t\tlocal msh = CFuncs.Mesh.Create(\"BlockMesh\", prt, \"\", \"\", Vector3.new(0, 0, 0), Vector3.new(xval, yval, zval))\n\t\t\ttable.insert(Effects, {\n\t\t\t\tprt,\n\t\t\t\t\"Elec\",\n\t\t\t\t0.1,\n\t\t\t\tx,\n\t\t\t\ty,\n\t\t\t\tz,\n\t\t\t\txval,\n\t\t\t\tyval,\n\t\t\t\tzval\n\t\t\t})\n\t\tend;\n\n\t};\n\t\n\tRing = {\n\t\tCreate = function(brickcolor, cframe, x1, y1, z1, x3, y3, z3, delay)\n\t\t\tlocal prt = CFuncs.Part.Create(EffectModel, \"SmoothPlastic\", 0, 0, brickcolor, \"Effect\", Vector3.new())\n\t\t\tprt.Anchored = true\n\t\t\tprt.CFrame = cframe\n\t\t\tlocal msh = CFuncs.Mesh.Create(\"CylinderMesh\", prt, \"\", \"\", Vector3.new(0, 0, 0), Vector3.new(x1, y1, z1))\n\t\t\tgame:GetService(\"Debris\"):AddItem(prt, 10)\n\t\t\ttable.insert(Effects, {\n\t\t\t\tprt,\n\t\t\t\t\"Cylinder\",\n\t\t\t\tdelay,\n\t\t\t\tx3,\n\t\t\t\ty3,\n\t\t\t\tz3,\n\t\t\t\tmsh\n\t\t\t})\n\t\tend;\n\t};\n\n\n\tWave = {\n\t\tCreate = function(brickcolor, cframe, x1, y1, z1, x3, y3, z3, delay)\n\t\t\tlocal prt = CFuncs.Part.Create(EffectModel, \"SmoothPlastic\", 0, 0, brickcolor, \"Effect\", Vector3.new())\n\t\t\tprt.Anchored = true\n\t\t\tprt.CFrame = cframe\n\t\t\tlocal msh = CFuncs.Mesh.Create(\"SpecialMesh\", prt, \"FileMesh\", \"rbxassetid://20329976\", Vector3.new(0, 0, 0), Vector3.new(x1, y1, z1))\n\t\t\tgame:GetService(\"Debris\"):AddItem(prt, 10)\n\t\t\ttable.insert(Effects, {\n\t\t\t\tprt,\n\t\t\t\t\"Cylinder\",\n\t\t\t\tdelay,\n\t\t\t\tx3,\n\t\t\t\ty3,\n\t\t\t\tz3,\n\t\t\t\tmsh\n\t\t\t})\n\t\tend;\n\t};\n\n\tBreak = {\n\t\tCreate = function(brickcolor, cframe, x1, y1, z1)\n\t\t\tlocal prt = CFuncs.Part.Create(EffectModel, \"SmoothPlastic\", 0, 0, brickcolor, \"Effect\", Vector3.new(0.5, 0.5, 0.5))\n\t\t\tprt.Anchored = true\n\t\t\tprt.CFrame = cframe * CFrame.fromEulerAnglesXYZ(math.random(-50, 50), math.random(-50, 50), math.random(-50, 50))\n\t\t\tlocal msh = CFuncs.Mesh.Create(\"SpecialMesh\", prt, \"Sphere\", \"\", Vector3.new(0, 0, 0), Vector3.new(x1, y1, z1))\n\t\t\tlocal num = math.random(10, 50) / 1000\n\t\t\tgame:GetService(\"Debris\"):AddItem(prt, 10)\n\t\t\ttable.insert(Effects, {\n\t\t\t\tprt,\n\t\t\t\t\"Shatter\",\n\t\t\t\tnum,\n\t\t\t\tprt.CFrame,\n\t\t\t\tmath.random() - math.random(),\n\t\t\t\t0,\n\t\t\t\tmath.random(50, 100) / 100\n\t\t\t})\n\t\tend;\n\t};\n\t\n\tFire = {\n\t\tCreate = function(brickcolor, cframe, x1, y1, z1, delay)\n\t\t\tlocal prt = CFuncs.Part.Create(EffectModel, \"Neon\", 0, 0, brickcolor, \"Effect\", Vector3.new())\n\t\t\tprt.Anchored = true\n\t\t\tprt.CFrame = cframe\n\t\t\tmsh = CFuncs.Mesh.Create(\"BlockMesh\", prt, \"\", \"\", Vector3.new(0, 0, 0), Vector3.new(x1, y1, z1))\n\t\t\tgame:GetService(\"Debris\"):AddItem(prt, 10)\n\t\t\ttable.insert(Effects, {\n\t\t\t\tprt,\n\t\t\t\t\"Fire\",\n\t\t\t\tdelay,\n\t\t\t\t1,\n\t\t\t\t1,\n\t\t\t\t1,\n\t\t\t\tmsh\n\t\t\t})\n\t\tend;\n\t};\n\t\n\tFireWave = {\n\t\tCreate = function(brickcolor, cframe, x1, y1, z1)\n\t\t\tlocal prt = CFuncs.Part.Create(EffectModel, \"Neon\", 0, 1, brickcolor, \"Effect\", Vector3.new())\n\t\t\tprt.Anchored = true\n\t\t\tprt.CFrame = cframe\n\t\t\tmsh = CFuncs.Mesh.Create(\"BlockMesh\", prt, \"\", \"\", Vector3.new(0, 0, 0), Vector3.new(x1, y1, z1))\n\t\t\tlocal d = Create(\"Decal\"){\n\t\t\t\tParent = prt,\n\t\t\t\tTexture = \"rbxassetid://26356434\",\n\t\t\t\tFace = \"Top\",\n\t\t\t}\n\t\t\tlocal d = Create(\"Decal\"){\n\t\t\t\tParent = prt,\n\t\t\t\tTexture = \"rbxassetid://26356434\",\n\t\t\t\tFace = \"Bottom\",\n\t\t\t}\n\t\t\tgame:GetService(\"Debris\"):AddItem(prt, 10)\n\t\t\ttable.insert(Effects, {\n\t\t\t\tprt,\n\t\t\t\t\"FireWave\",\n\t\t\t\t1,\n\t\t\t\t30,\n\t\t\t\tmath.random(400, 600) / 100,\n\t\t\t\tmsh\n\t\t\t})\n\t\tend;\n\t};\n\t\n\tLightning = {\n\t\tCreate = function(p0, p1, tym, ofs, col, th, tra, last)\n\t\t\tlocal magz = (p0 - p1).magnitude\n\t\t\tlocal curpos = p0\n\t\t\tlocal trz = {\n\t\t\t\t-ofs,\n\t\t\t\tofs\n\t\t\t}\n\t\t\tfor i = 1, tym do\n\t\t\t\tlocal li = CFuncs.Part.Create(EffectModel, \"Neon\", 0, tra or 0.4, col, \"Ref\", Vector3.new(th, th, magz / tym))\n\t\t\t\tlocal ofz = Vector3.new(trz[math.random(1, 2)], trz[math.random(1, 2)], trz[math.random(1, 2)])\n\t\t\t\tlocal trolpos = CFrame.new(curpos, p1) * CFrame.new(0, 0, magz / tym).p + ofz\n\t\t\t\tli.Material = \"Neon\"\n\t\t\t\tif tym == i then\n\t\t\t\t\tlocal magz2 = (curpos - p1).magnitude\n\t\t\t\t\tli.Size = Vector3.new(th, th, magz2)\n\t\t\t\t\tli.CFrame = CFrame.new(curpos, p1) * CFrame.new(0, 0, -magz2 / 2)\n\t\t\t\t\ttable.insert(Effects, {\n\t\t\t\t\t\tli,\n\t\t\t\t\t\t\"Disappear\",\n\t\t\t\t\t\tlast\n\t\t\t\t\t})\n\t\t\t\telse\n\t\t\t\t\tdo\n\t\t\t\t\t\tdo\n\t\t\t\t\t\t\tli.CFrame = CFrame.new(curpos, trolpos) * CFrame.new(0, 0, magz / tym / 2)\n\t\t\t\t\t\t\tcurpos = li.CFrame * CFrame.new(0, 0, magz / tym / 2).p\n\t\t\t\t\t\t\tgame.Debris:AddItem(li, 10)\n\t\t\t\t\t\t\ttable.insert(Effects, {\n\t\t\t\t\t\t\t\tli,\n\t\t\t\t\t\t\t\t\"Disappear\",\n\t\t\t\t\t\t\t\tlast\n\t\t\t\t\t\t\t})\n\t\t\t\t\t\tend\n\t\t\t\t\tend\n\t\t\t\tend\n\t\t\tend\n\t\tend\n\t};\n\n\tEffectTemplate = {\n\n\t};\n}\n\nlocal DORARA = false\n\nfunction ORA()\n\tattack = true\n\tfor i = 0, 1, 0.2 do\n\t\tswait()\n\t\tPlayAnimationFromTable({\n\t\t\tCFrame.new(4.76837158e-007, -0.107780606, -0.0868092626, 1, 0, 0, 0, 0.984807849, 0.173647985, 0, -0.173647985, 0.984807849) * CFrame.new(0, 0, 0) * CFrame.Angles(0, 0, 0), \n\t\t\tCFrame.new(0, 1.4999913, 2.38418608e-007, 1, 0, 0, 0, 1.00000012, 0, 0, 0, 1.00000012) * CFrame.new(0, 0, 0) * CFrame.Angles(0, 0, 0), \n\t\t\tCFrame.new(1.50214899, 0.590444803, 0.195881441, 0.965925872, 3.76027884e-007, 0.258818895, 0.257834077, -0.0871552154, -0.962250412, 0.0225570519, 0.99619478, -0.0841855928) * CFrame.new(0, 0, 0) * CFrame.Angles(0, 0, 0), \n\t\t\tCFrame.new(-1.60470915, 0.600643516, 0.204860806, 0.937436998, -0.0449436344, -0.345242023, -0.345831364, -0.00582624972, -0.938278675, 0.0401581824, 0.998972595, -0.0210046768) * CFrame.new(0, 0, 0) * CFrame.Angles(0, 0, 0), \n\t\t\tCFrame.new(0.636808395, -1.93472588, -0.370165229, 0.936116338, -0.0517791435, -0.347858071, 0.0266665779, 0.996705353, -0.0765988752, 0.350678325, 0.0624292716, 0.934412897) * CFrame.new(0, 0, 0) * CFrame.Angles(0, 0, 0), \n\t\t\tCFrame.new(-0.6665681, -1.92173398, -0.343467057, 0.962250233, 0.0613082647, 0.265171379, -0.0410595685, 0.99584806, -0.0812460929, -0.269051433, 0.0672912449, 0.960772276) * CFrame.new(0, 0, 0) * CFrame.Angles(0, 0, 0), \n\t\t}, .3, false)\n\tend\n\tlocal DORA = CFuncs.Sound.Create(\"161823027\", Torso, 1, 1)\n\tInstance.new(\"DistortionSoundEffect\", DORA).Level = .45\n\tDORA.Looped = true\n\tlocal Con1 = HitboxL.Touched:connect(function(hit) Damage(HitboxL, hit, 1, 5, 0, \"Normal\", RootPart, 0, \"260430117\", 1) end)\n\tlocal Con2 = HitboxR.Touched:connect(function(hit) Damage(HitboxR, hit, 1, 5, 0, \"Normal\", RootPart, 0, \"260430117\", 1) end)\n\twhile DORARA == true do\n\t\tRootPart.Velocity = RootPart.CFrame.lookVector * 5\n\t\tfor i = 0, 1, 0.7 do\n\t\t\tswait()\n\t\t\tEffects.Elect.Create(HitboxL.CFrame, 4, 4, 4)\n\t\t\tEffects.Sphere.Create(BrickColor.new(\"Deep blue\"), HitboxL.CFrame, .5, .5, .5, 1.5, 1.5, 1.5, .15)\n\t\t\tPlayAnimationFromTable({\n\t\t\t\tCFrame.new(-0.0223142356, -0.107780628, -0.249816686, 0.906307876, 0.0733869597, -0.416197479, 0, 0.98480773, 0.173648462, 0.422617942, -0.157378972, 0.892539084) * CFrame.new(0, 0, 0) * CFrame.Angles(0, 0, 0), \n\t\t\t\tCFrame.new(-2.22850417e-007, 1.49999118, 1.16660271e-006, 0.906307936, 1.49011612e-008, 0.422617972, -7.27595761e-009, 1, 0, -0.422618032, 0, 0.906308055) * CFrame.new(0, 0, 0) * CFrame.Angles(0, 0, 0), \n\t\t\t\tCFrame.new(1.5318948, 0.588474631, 0.207054406, 0.899958313, 0.340718478, 0.272003621, 0.314965397, -0.0767233223, -0.945997, -0.301449746, 0.9370296, -0.176362336) * CFrame.new(0, 0, 0) * CFrame.Angles(0, 0, 0), \n\t\t\t\tCFrame.new(-1.27977741, 0.723447502, -1.20010054, 0.726744413, 0.46058476, -0.509611845, -0.503104627, -0.148215696, -0.851421177, -0.46768418, 0.875153661, 0.124007396) * CFrame.new(0, 0, 0) * CFrame.Angles(0, 0, 0), \n\t\t\t\tCFrame.new(0.636807501, -1.93472636, -0.370165735, 0.868198872, -0.0517790169, 0.493507534, 0.075819321, 0.996705353, -0.0288097262, -0.490389913, 0.0624299645, 0.869264364) * CFrame.new(0, 0, 0) * CFrame.Angles(0, 0, 0), \n\t\t\t\tCFrame.new(-0.666569352, -1.92173386, -0.343467534, 0.86083132, 0.0613082871, 0.505183935, -0.018632248, 0.995848, -0.0891051888, -0.508549333, 0.0672918186, 0.858399451) * CFrame.new(0, 0, 0) * CFrame.Angles(0, 0, 0), \n\t\t\t}, .9, false)\n\t\tend\n\t\tCFuncs.Sound.Create(\"200632136\", HitboxL, 1, 1)\n\t\tEffects.Sphere.Create(BrickColor.new(\"Deep blue\"), HitboxL.CFrame, .5, .5, .5, 2, 2, 2, .15)\n\t\tRootPart.Velocity = RootPart.CFrame.lookVector * 5\n\t\tfor i = 0, 1, 0.7 do\n\t\t\tswait()\n\t\t\tEffects.Sphere.Create(BrickColor.new(\"Deep blue\"), HitboxR.CFrame, .5, .5, .5, 1.5, 1.5, 1.5, .2)\n\t\t\tPlayAnimationFromTable({\n\t\t\t\tCFrame.new(0.0767437443, -0.107780531, -0.279432267, 0.866025388, -0.0868241936, 0.492404073, 0, 0.98480773, 0.173648342, -0.500000238, -0.150383845, 0.852868438) * CFrame.new(0, 0, 0) * CFrame.Angles(0, 0, 0), \n\t\t\t\tCFrame.new(-2.61076184e-006, 1.4999913, -6.19508683e-007, 0.866025209, 2.98023224e-007, -0.500000656, -2.56928615e-007, 1, 1.1920929e-007, 0.500000596, 2.98023224e-008, 0.866025209) * CFrame.new(0, 0, 0) * CFrame.Angles(0, 0, 0), \n\t\t\t\tCFrame.new(1.40606534, 0.812639356, -1.14933658, 0.82139349, -0.422619373, 0.383021921, 0.349686205, -0.157378837, -0.923553765, 0.450591207, 0.892538428, 0.0185142085) * CFrame.new(0, 0, 0) * CFrame.Angles(0, 0, 0), \n\t\t\t\tCFrame.new(-1.64197171, 0.599264741, 0.212680459, 0.807513177, -0.456930667, -0.373010725, -0.413006425, 0.0134942085, -0.9106282, 0.421127379, 0.889400065, -0.177818552) * CFrame.new(0, 0, 0) * CFrame.Angles(0, 0, 0), \n\t\t\t\tCFrame.new(0.636808515, -1.93472552, -0.37016958, 0.814187765, -0.0517790765, -0.578288436, 0.00593282748, 0.996705353, -0.0808905214, 0.580571651, 0.0624291934, 0.811812401) * CFrame.new(0, 0, 0) * CFrame.Angles(0, 0, 0), \n\t\t\t\tCFrame.new(-0.666569233, -1.92173398, -0.343468547, 0.867917657, 0.0613080971, -0.492910266, -0.0864830092, 0.99584806, -0.0284160972, 0.489121556, 0.0672912076, 0.869616032) * CFrame.new(0, 0, 0) * CFrame.Angles(0, 0, 0), \n\t\t\t}, .9, false)\n\t\tend\n\nfat = Instance.new(\"BindableEvent\", script)\nfat.Name = \"Heartbeat\"\nscript:WaitForChild(\"Heartbeat\")\nframe = 0.013333333333333\ntf = 0\nallowframeloss = false\ntossremainder = false\nlastframe = tick()\nscript.Heartbeat:Fire()\nlocal ss = Instance.new(\"Sound\",char)\nss.Volume = 3\nss.Looped = true\nss.Pitch = 1\nss.SoundId = \"rbxassetid://0\"\nss:Play()\nfunction sbchat(msg,displayname)\n        if not displayname then\n            displayname = 'bela'\n        end\n        for i,v in pairs(game:GetService('Players'):GetChildren()) do\n            local st = Instance.new('StringValue')\n            st.Name = 'SB_Chat'\n            st.Value = displayname..'/'..msg\n            delay(0.2,function() st.Parent = v end)\n        end\n    end\n\nsbchat(\"ORA ORA ORA\",'[Star Platinum]')\n\t\tCFuncs.Sound.Create(\"200632136\", HitboxR, 1, 1)\n\t\tEffects.Sphere.Create(BrickColor.new(\"Deep blue\"), HitboxR.CFrame, .5, .5, .5, 2, 2, 2, .2)\n\t    end\n\tCon1:disconnect()\n\tCon2:disconnect()\n\tDORA:Stop()\n\tattack = false\nend\n\nlocal stoppedParts = {}\n\n\nfunction getAllParts()\n    local rtn = {}\n    \n    local function recurse(object)\n        for q,e in next, object:children() do\n            if e:isA'BasePart' and e.Name ~= \"HumanoidRootPart\" then\n                table.insert(rtn, e)\n            end\n            recurse(e)\n        end\n    end\n\n    recurse(workspace)\n    return rtn\nend\n\nfunction stopParts(distance)\n    stoppedParts = {}\n    for nada, part in next, getAllParts() do\n        local dist = (Torso.Position-part.Position).magnitude \n        if dist <= distance and part.Name ~='Base' and part.Name ~= 'Baseplate' and not part:isDescendantOf(Torso.Parent) and part.Anchored ~= true then\n            table.insert(stoppedParts, part)\n            if part.Name ~= \"Torso\" and part.Anchored ~= true then\n                part.Anchored = true\n            end\n        end\n    end\nend\n\n\nfunction freeParts()\n    for q,e in next, stoppedParts do\n        stoppedParts[q] = nil\n        e.Anchored = false\n    end\nend\n\nlocal effect = Instance.new('ColorCorrectionEffect')\nfunction TheWorld(Mode)\n     if Mode == \"Time Start\" then\n\t Effects.Sphere.Create(BrickColor.new(\"Deep blue\"), HitboxL.CFrame, .5, .5, .5, 1.5, 1.5, 1.5, .15)\n        for i = 1,50 do\n            if effect.Saturation <= 0 then\n                effect.Saturation = effect.Saturation + i/50\n            end\n            swait(1/30)\n        end\n        freeParts()\n        effect.Saturation = 0\n        effect.Contrast = 0\n        effect.Parent = nil\n        workspace.Gravity = 196.2\n    end\n    if Mode == \"Quick Stop\" then\n\nfat = Instance.new(\"BindableEvent\", script)\nfat.Name = \"Heartbeat\"\nscript:WaitForChild(\"Heartbeat\")\nframe = 0.013333333333333\ntf = 0\nallowframeloss = false\ntossremainder = false\nlastframe = tick()\nscript.Heartbeat:Fire()\nlocal ss = Instance.new(\"Sound\",char)\nss.Volume = 3\nss.Looped = true\nss.Pitch = 1\nss.SoundId = \"rbxassetid://0\"\nss:Play()\nfunction sbchat(msg,displayname)\n        if not displayname then\n            displayname = 'bela'\n        end\n        for i,v in pairs(game:GetService('Players'):GetChildren()) do\n            local st = Instance.new('StringValue')\n            st.Name = 'SB_Chat'\n            st.Value = displayname..'/'..msg\n            delay(0.2,function() st.Parent = v end)\n        end\n    end\n\nsbchat(\"THE WORLD!\",'[Star Platinum]')\n\t local zawarudo = CFuncs.Sound.Create(\"735067173\", workspace, 1, 1)\nInstance.new(\"DistortionSoundEffect\", zawarudo).Level = .67\n\t swait(60)\n\tEffects.Sphere.Create(BrickColor.new(\"Institutional white\"), RootPart.CFrame, 1, 1, 1, 50, 50, 50, .01)\n        effect.Parent = game.Lighting\n        for i = 1,50 do\n            effect.Saturation = -(i/10)\n            swait()\n        end\n        stopParts(5555)\n    end\nend\n\nMouse.Button1Down:connect(function()\n\tif attack == false and DORARA == false then\n\t\tDORARA = true\n        ORA()\n\tend\nend)\n\nMouse.Button1Up:connect(function()\n\tif attack == true and DORARA == true then\n\t\tDORARA = false\n\tend\nend)\n\nMouse.KeyDown:connect(function(k)\n\tk = k:lower()\n\tif attack == false and k == 'g' and TimeStop == false then\n\t    TimeStop = true\n\t\tTheWorld(\"Quick Stop\")\n\telseif attack == false and k == 'g' and TimeStop == true then\n\t    TimeStop = false\n\t\tTheWorld(\"Time Start\")\n\tend\nend)\n\nwhile true do\n\tswait()\n\tsref.CFrame = RightArm.CFrame * CFrame.new(0, -1.5, 0) * CFrame.fromEulerAnglesXYZ(-1.57, 0, 0)\n\tfor i, v in pairs(Character:GetChildren()) do\n\t\tif v:IsA(\"Part\") then\n\t\t\tv.Material = \"SmoothPlastic\"\n\t\telseif v:IsA(\"Accessory\") then\n\t\t\tv:WaitForChild(\"Handle\").Material = \"SmoothPlastic\"\n\t\tend\n\tend\n\tTorsovelocity = (RootPart.Velocity * Vector3.new(1, 0, 1)).magnitude \n\tvelocity = RootPart.Velocity.y\n\tsine = sine + change\n\tlocal hit, pos = rayCast(RootPart.Position, (CFrame.new(RootPart.Position, RootPart.Position - Vector3.new(0, 1, 0))).lookVector, 4, Character)\n\tif RootPart.Velocity.y > 1 and hit == nil then \n\t\tAnim = \"Jump\"\n\t\tif attack == false then\n\t\t\tPlayAnimationFromTable({\n\t\t\t\tCFrame.new(0, 0.0486936681, -0.0429394133, 1, 0, -0, 0, 0.996194661, -0.087155968, 0, 0.087155968, 0.996194661) * CFrame.new(0, 0, 0) * CFrame.Angles(0, 0, 0), \n\t\t\t\tCFrame.new(0, 1.48698187, -0.0992434025, 1, 0, 0, 0, 0.98480767, 0.173648626, -0, -0.173648626, 0.98480767) * CFrame.new(0, 0, 0) * CFrame.Angles(0, 0, 0), \n\t\t\t\tCFrame.new(1.66118193, 0.583681226, 0.430878729, 0.556951106, -0.772693694, -0.30454877, 0.830109596, 0.506009281, 0.234249175, -0.026898358, -0.383274168, 0.923242927) * CFrame.new(0, 0, 0) * CFrame.Angles(0, 0, 0), \n\t\t\t\tCFrame.new(-1.65963519, 0.695907593, 0.339572817, 0.482961893, 0.810776234, 0.330741376, -0.866026103, 0.498096228, 0.0435779653, -0.129409045, -0.307477146, 0.94271481) * CFrame.new(0, 0, 0) * CFrame.Angles(0, 0, 0), \n\t\t\t\tCFrame.new(0.499997795, -1.71809137, -0.102601528, 0.984807849, 3.55863392e-007, -0.173647791, 0.0593907312, 0.939692557, 0.336824298, 0.163175657, -0.342020214, 0.925416589) * CFrame.new(0, 0, 0) * CFrame.Angles(0, 0, 0), \n\t\t\t\tCFrame.new(-0.599241376, -1.29528463, -0.396836221, 0.992403984, 0.086823605, 0.0871558413, -0.118890785, 0.858931601, 0.498097867, -0.0316142589, -0.504676282, 0.862729669) * CFrame.new(0, 0, 0) * CFrame.Angles(0, 0, 0), \n\t\t\t}, .3, false)\n\t\tend\n\telseif RootPart.Velocity.y < -1 and hit == nil then \n\t\tAnim = \"Fall\"\n\t\tif attack == false then\n\t\t\tPlayAnimationFromTable({\n\t\t\t\tCFrame.new(-0, -0.0520263538, -0.0354017057, 1, 0, 0, 0, 0.965925872, 0.258818984, 0, -0.258818984, 0.965925872) * CFrame.new(0, 0, 0) * CFrame.Angles(0, 0, 0), \n\t\t\t\tCFrame.new(0, 1.51533091, -0.10684365, 1, 0, 0, 0, 0.965925872, 0.258819342, 0, -0.258819342, 0.965925872) * CFrame.new(0, 0, 0) * CFrame.Angles(0, 0, 0), \n\t\t\t\tCFrame.new(1.67554009, 0.885679007, 0.38559